image: free_occupancy_grid.pgm
resolution: 0.050000
origin: [-20.725000, -20.725000, 0.000000]
negate: 0
occupied_thresh: 0.65
free_thresh: 0.196

